# k-path (fractional)    E1 (eV)    E2 (eV)    E3 (eV)
# path: M → Γ → K → M' → K'
# Symmetry points: M=0, Γ=0.577350, K=1.244017, M'=1.577350, K'=1.910684
H at Gamma (0,0):
(-0.061000+0.000000i) (-0.000000+0.000000i) (0.000000+0.000000i) 
(-0.000000+0.000000i) (2.926377+0.000000i) (-0.000000+0.000000i) 
(0.000000+0.000000i) (-0.000000+0.000000i) (2.926377+0.000000i) 
H at K (2/3,1/3):
(0.031386-0.000000i) (0.245408+0.139242i) (-0.184695-0.070193i) 
(0.245408-0.139242i) (2.432452-0.000000i) (0.161759-0.019751i) 
(-0.184695+0.070193i) (0.161759+0.019751i) (2.658915+0.000000i) 
    0.000000    -0.689165     2.190377     2.654870
    0.014434    -0.691659     2.189672     2.652010
    0.028868    -0.699021     2.187597     2.643466
    0.043301    -0.710891     2.184264     2.629347
    0.057735    -0.726682     2.179860     2.609832
    0.072169    -0.745588     2.174638     2.585164
    0.086603    -0.766609     2.168911     2.555639
    0.101036    -0.788576     2.163044     2.521607
    0.115470    -0.810183     2.157442     2.483457
    0.129904    -0.830026     2.152538     2.441622
    0.144338    -0.846650     2.148785     2.396568
    0.158771    -0.858602     2.146635     2.348803
    0.173205    -0.864482     2.146535     2.298875
    0.187639    -0.863004     2.148905     2.247387
    0.202073    -0.853058     2.154130     2.195001
    0.216506    -0.833776     2.142461     2.162547
    0.230940    -0.804590     2.090613     2.174433
    0.245374    -0.765300     2.040425     2.189996
    0.259808    -0.716134     1.993022     2.209366
    0.274241    -0.657809     1.949715     2.232589
    0.288675    -0.591574     1.912033     2.259623
    0.303109    -0.519243     1.881737     2.290335
    0.317543    -0.443190     1.860818     2.324502
    0.331976    -0.366276     1.851425     2.361812
    0.346410    -0.291684     1.855720     2.401870
    0.360844    -0.222630     1.875605     2.444202
    0.375278    -0.161975     1.912359     2.488267
    0.389711    -0.111803     1.966263     2.533464
    0.404145    -0.073128     2.036336     2.579145
    0.418579    -0.045833     2.120324     2.624629
    0.433013    -0.028853     2.214935     2.669215
    0.447446    -0.020514     2.316226     2.712197
    0.461880    -0.018878     2.420002     2.752878
    0.476314    -0.022011     2.522137     2.790587
    0.490748    -0.028145     2.618788     2.824692
    0.505181    -0.035759     2.706523     2.854613
    0.519615    -0.043599     2.782388     2.879837
    0.534049    -0.050675     2.843945     2.899928
    0.548483    -0.056243     2.889283     2.914535
    0.562917    -0.059786     2.917035     2.923403
    0.577350    -0.061000     2.926377     2.926377
    0.577350    -0.061000     2.926377     2.926377
    0.594017    -0.059385     2.913922     2.922423
    0.610684    -0.054715     2.876942     2.910756
    0.627350    -0.047518     2.816577     2.891958
    0.644017    -0.038660     2.734687     2.866989
    0.660684    -0.029333     2.633800     2.837156
    0.677350    -0.021016     2.517034     2.804085
    0.694017    -0.015431     2.388008     2.769654
    0.710684    -0.014462     2.250735     2.735909
    0.727350    -0.020040     2.109495     2.704949
    0.744017    -0.033987     1.968694     2.678780
    0.760684    -0.057815     1.832689     2.659151
    0.777350    -0.092503     1.705586     2.647399
    0.794017    -0.138279     1.591020     2.644326
    0.810684    -0.194472     1.491957     2.650137
    0.827350    -0.259502     1.410563     2.664441
    0.844017    -0.331013     1.348200     2.686327
    0.860684    -0.406152     1.305513     2.714464
    0.877350    -0.481877     1.282592     2.747223
    0.894017    -0.555238     1.279106     2.782787
    0.910684    -0.623561     1.294392     2.819251
    0.927350    -0.684545     1.327487     2.854707
    0.944017    -0.736286     1.377105     2.887331
    0.960684    -0.777270     1.441592     2.915479
    0.977350    -0.806340     1.518838     2.937819
    0.994017    -0.822671     1.606166     2.953505
    1.010684    -0.825748     1.700147     2.962434
    1.027350    -0.815354     1.796324     2.965610
    1.044017    -0.791563     1.888831     2.965631
    1.060684    -0.754753     1.970036     2.967150
    1.077350    -0.705626     2.030758     2.976786
    1.094017    -0.645249     2.062124     3.001391
    1.110684    -0.575107     2.059238     3.044518
    1.127350    -0.497200     2.023781     3.103978
    1.144017    -0.414164     1.962777     3.173256
    1.160684    -0.329434     1.885554     3.244746
    1.177350    -0.247428     1.801931     3.311769
    1.194017    -0.173643     1.721799     3.369099
    1.210684    -0.114435     1.654997     3.412855
    1.227350    -0.076074     1.610560     3.440296
    1.244017    -0.062923     1.595000     3.449676
    1.244017    -0.062923     1.595000     3.449676
    1.252350    -0.066132     1.598896     3.447301
    1.260684    -0.075463     1.610377     3.440171
    1.269017    -0.090286     1.628915     3.428324
    1.277350    -0.109788     1.653760     3.411854
    1.285684    -0.133054     1.684013     3.390911
    1.294017    -0.159140     1.718701     3.365706
    1.302350    -0.187133     1.756834     3.336510
    1.310684    -0.216200     1.797443     3.303654
    1.319017    -0.245604     1.839603     3.267536
    1.327350    -0.274725     1.882438     3.228620
    1.335684    -0.303056     1.925123     3.187441
    1.344017    -0.330202     1.966872     3.144605
    1.352350    -0.355876     2.006934     3.100796
    1.360684    -0.379890     2.044580     3.056769
    1.369017    -0.402147     2.079097     3.013354
    1.377350    -0.422630     2.109797     2.971434
    1.385684    -0.441395     2.136030     2.931921
    1.394017    -0.458560     2.157234     2.895696
    1.402350    -0.474291     2.173002     2.863526
    1.410684    -0.488794     2.183185     2.835958
    1.419017    -0.502301     2.187979     2.813204
    1.427350    -0.515053     2.187975     2.795088
    1.435684    -0.527289     2.184119     2.781067
    1.444017    -0.539228     2.177593     2.770331
    1.452350    -0.551056     2.169654     2.761958
    1.460684    -0.562917     2.161485     2.755043
    1.469017    -0.574897     2.154087     2.748798
    1.477350    -0.587021     2.148230     2.742596
    1.485684    -0.599252     2.144432     2.735990
    1.494017    -0.611491     2.142969     2.728704
    1.502350    -0.623585     2.143890     2.720624
    1.510684    -0.635334     2.147042     2.711785
    1.519017    -0.646510     2.152096     2.702356
    1.527350    -0.656863     2.158571     2.692634
    1.535684    -0.666143     2.165862     2.683025
    1.544017    -0.674112     2.173278     2.674029
    1.552350    -0.680555     2.180084     2.666200
    1.560684    -0.685292     2.185572     2.660096
    1.569017    -0.688190     2.189139     2.656207
    1.577350    -0.689165     2.190377     2.654870
    1.577350    -0.689165     2.190377     2.654870
    1.585684    -0.688190     2.189139     2.656207
    1.594017    -0.685292     2.185572     2.660096
    1.602350    -0.680555     2.180084     2.666200
    1.610684    -0.674112     2.173278     2.674029
    1.619017    -0.666143     2.165862     2.683025
    1.627350    -0.656863     2.158571     2.692634
    1.635684    -0.646510     2.152096     2.702356
    1.644017    -0.635334     2.147042     2.711785
    1.652350    -0.623585     2.143890     2.720624
    1.660684    -0.611491     2.142969     2.728704
    1.669017    -0.599252     2.144432     2.735990
    1.677350    -0.587021     2.148230     2.742596
    1.685684    -0.574897     2.154087     2.748798
    1.694017    -0.562917     2.161485     2.755043
    1.702350    -0.551056     2.169654     2.761958
    1.710684    -0.539228     2.177593     2.770331
    1.719017    -0.527289     2.184119     2.781067
    1.727350    -0.515053     2.187975     2.795088
    1.735684    -0.502301     2.187979     2.813204
    1.744017    -0.488794     2.183185     2.835958
    1.752350    -0.474291     2.173002     2.863526
    1.760684    -0.458560     2.157234     2.895696
    1.769017    -0.441395     2.136030     2.931921
    1.777350    -0.422630     2.109797     2.971434
    1.785684    -0.402147     2.079097     3.013354
    1.794017    -0.379890     2.044580     3.056769
    1.802350    -0.355876     2.006934     3.100796
    1.810684    -0.330202     1.966872     3.144605
    1.819017    -0.303056     1.925123     3.187441
    1.827350    -0.274725     1.882438     3.228620
    1.835684    -0.245604     1.839603     3.267536
    1.844017    -0.216200     1.797443     3.303654
    1.852350    -0.187133     1.756834     3.336510
    1.860684    -0.159140     1.718701     3.365706
    1.869017    -0.133054     1.684013     3.390911
    1.877350    -0.109788     1.653760     3.411854
    1.885684    -0.090286     1.628915     3.428324
    1.894017    -0.075463     1.610377     3.440171
    1.902350    -0.066132     1.598896     3.447301
    1.910684    -0.062923     1.595000     3.449676
