# k-path (fractional)    E1 (eV)    E2 (eV)    E3 (eV)
# path: M → Γ → K → M' → K'
# Symmetry points: M=0, Γ=0.577350, K=1.244017, M'=1.577350, K'=1.910684

# H at Gamma (0,0):
# (-0.061000+0.000000i) (0.000000+0.000000i) (-0.000000+0.000000i) 
# (0.000000+0.000000i) (2.926377+0.000000i) (-0.000000+0.000000i) 
# (-0.000000+0.000000i) (-0.000000+0.000000i) (2.926377+0.000000i) 

# H at K (2/3,1/3):
# (0.031386-0.000000i) (-0.245408-0.564246i) (0.184695+0.282663i) 
# (-0.245408+0.564246i) (2.432452-0.000000i) (0.161759-0.019751i) 
# (0.184695-0.282663i) (0.161759+0.019751i) (2.658915+0.000000i) 

# TB_Gamma_VBM =    -0.061000
    0.000000    -0.689165     2.190377     2.654870
    0.014434    -0.691572     2.189672     2.651923
    0.028868    -0.698714     2.187597     2.643159
    0.043301    -0.710359     2.184264     2.628815
    0.057735    -0.726115     2.179860     2.609266
    0.072169    -0.745437     2.174638     2.585013
    0.086603    -0.767624     2.168911     2.556654
    0.101036    -0.791827     2.163044     2.524857
    0.115470    -0.817061     2.157442     2.490336
    0.129904    -0.842223     2.152538     2.453820
    0.144338    -0.866120     2.148785     2.416039
    0.158771    -0.887503     2.146635     2.377703
    0.173205    -0.905107     2.146535     2.339501
    0.187639    -0.917709     2.148905     2.302092
    0.202073    -0.924173     2.154130     2.266115
    0.216506    -0.923510     2.162547     2.232196
    0.230940    -0.914937     2.174433     2.200960
    0.245374    -0.897923     2.173049     2.189996
    0.259808    -0.872242     2.149130     2.209366
    0.274241    -0.838005     2.129911     2.232589
    0.288675    -0.795684     2.116143     2.259623
    0.303109    -0.746122     2.108616     2.290335
    0.317543    -0.690514     2.108141     2.324502
    0.331976    -0.630364     2.115514     2.361812
    0.346410    -0.567416     2.131453     2.401870
    0.360844    -0.503548     2.156523     2.444202
    0.375278    -0.440643     2.191027     2.488267
    0.389711    -0.380448     2.234908     2.533464
    0.404145    -0.324441     2.287648     2.579145
    0.418579    -0.273730     2.348221     2.624629
    0.433013    -0.229000     2.415082     2.669215
    0.447446    -0.190519     2.486231     2.712197
    0.461880    -0.158194     2.559319     2.752878
    0.476314    -0.131662     2.631789     2.790587
    0.490748    -0.110385     2.701028     2.824692
    0.505181    -0.093745     2.764509     2.854613
    0.519615    -0.081119     2.819909     2.879837
    0.534049    -0.071943     2.865213     2.899928
    0.548483    -0.065743     2.898783     2.914535
    0.562917    -0.062168     2.919417     2.923403
    0.577350    -0.061000     2.926377     2.926377
    0.577350    -0.061000     2.926377     2.926377
    0.594017    -0.062559     2.917104     2.922416
    0.610684    -0.067366     2.889699     2.910650
    0.627350    -0.075795     2.845387     2.891425
    0.644017    -0.088430     2.786132     2.865313
    0.660684    -0.106007     2.714530     2.833100
    0.677350    -0.129318     2.633650     2.795771
    0.694017    -0.159096     2.546838     2.754489
    0.710684    -0.195862     2.457482     2.710562
    0.727350    -0.239774     2.368781     2.665398
    0.744017    -0.290495     2.283530     2.620452
    0.760684    -0.347111     2.203981     2.577155
    0.777350    -0.408141     2.131790     2.536832
    0.794017    -0.471634     2.068077     2.500625
    0.810684    -0.535347     2.013556     2.469411
    0.827350    -0.596952     1.968689     2.443766
    0.844017    -0.654243     1.933820     2.423937
    0.860684    -0.705297     1.909250     2.409872
    0.877350    -0.748571     1.895248     2.401261
    0.894017    -0.782950     1.891998     2.397606
    0.910684    -0.807736     1.899509     2.398309
    0.927350    -0.822605     1.917472     2.402782
    0.944017    -0.827544     1.945076     2.410617
    0.960684    -0.822776     1.980720     2.421857
    0.977350    -0.808696     2.021589     2.437424
    0.994017    -0.785811     2.063140     2.459671
    1.010684    -0.754700     2.098946     2.492586
    1.027350    -0.715993     2.122055     2.540519
    1.044017    -0.670371     2.127926     2.605344
    1.060684    -0.618579     2.115938     2.685074
    1.077350    -0.561460     2.087928     2.775450
    1.094017    -0.500009     2.046407     2.871868
    1.110684    -0.435435     1.993952     2.970132
    1.127350    -0.369239     1.933286     3.066512
    1.144017    -0.303291     1.867508     3.157652
    1.160684    -0.239906     1.800252     3.240520
    1.177350    -0.181857     1.735729     3.312401
    1.194017    -0.132284     1.678599     3.370940
    1.210684    -0.094376     1.633592     3.414201
    1.227350    -0.070793     1.604836     3.440739
    1.244017    -0.062923     1.595000     3.449676
    1.244017    -0.062923     1.595000     3.449676
    1.252350    -0.064815     1.597438     3.447443
    1.260684    -0.070316     1.604627     3.440774
    1.269017    -0.079083     1.616287     3.429750
    1.277350    -0.090701     1.632026     3.414500
    1.285684    -0.104704     1.651371     3.395203
    1.294017    -0.120612     1.673794     3.372086
    1.302350    -0.137954     1.698736     3.345429
    1.310684    -0.156292     1.725626     3.315563
    1.319017    -0.175233     1.753900     3.282868
    1.327350    -0.194448     1.783007     3.247774
    1.335684    -0.213671     1.812420     3.210759
    1.344017    -0.232704     1.841639     3.172340
    1.352350    -0.251415     1.870196     3.133073
    1.360684    -0.269739     1.897660     3.093537
    1.369017    -0.287666     1.923642     3.054328
    1.377350    -0.305241     1.947808     3.016033
    1.385684    -0.322548     1.969887     2.979216
    1.394017    -0.339706     1.989687     2.944389
    1.402350    -0.356855     2.007113     2.911980
    1.410684    -0.374141     2.022181     2.882309
    1.419017    -0.391708     2.035024     2.855566
    1.427350    -0.409679     2.045897     2.831792
    1.435684    -0.428148     2.055156     2.810889
    1.444017    -0.447166     2.063232     2.792631
    1.452350    -0.466732     2.070590     2.776698
    1.460684    -0.486790     2.077686     2.762715
    1.469017    -0.507223     2.084926     2.750286
    1.477350    -0.527859     2.092626     2.739038
    1.485684    -0.548470     2.100998     2.728643
    1.494017    -0.568790     2.110130     2.718842
    1.502350    -0.588515     2.119987     2.709457
    1.510684    -0.607323     2.130416     2.700399
    1.519017    -0.624885     2.141157     2.691670
    1.527350    -0.640877     2.151859     2.683360
    1.535684    -0.654993     2.162096     2.675641
    1.544017    -0.666953     2.171400     2.668747
    1.552350    -0.676519     2.179288     2.662960
    1.560684    -0.683496     2.185309     2.658563
    1.569017    -0.687740     2.189088     2.655809
    1.577350    -0.689165     2.190377     2.654870
    1.577350    -0.689165     2.190377     2.654870
    1.585684    -0.687740     2.189088     2.655809
    1.594017    -0.683496     2.185309     2.658563
    1.602350    -0.676519     2.179288     2.662960
    1.610684    -0.666953     2.171400     2.668747
    1.619017    -0.654993     2.162096     2.675641
    1.627350    -0.640877     2.151859     2.683360
    1.635684    -0.624885     2.141157     2.691670
    1.644017    -0.607323     2.130416     2.700399
    1.652350    -0.588515     2.119987     2.709457
    1.660684    -0.568790     2.110130     2.718842
    1.669017    -0.548470     2.100998     2.728643
    1.677350    -0.527859     2.092626     2.739038
    1.685684    -0.507223     2.084926     2.750286
    1.694017    -0.486790     2.077686     2.762715
    1.702350    -0.466732     2.070590     2.776698
    1.710684    -0.447166     2.063232     2.792631
    1.719017    -0.428148     2.055156     2.810889
    1.727350    -0.409679     2.045897     2.831792
    1.735684    -0.391708     2.035024     2.855566
    1.744017    -0.374141     2.022181     2.882309
    1.752350    -0.356855     2.007113     2.911980
    1.760684    -0.339706     1.989687     2.944389
    1.769017    -0.322548     1.969887     2.979216
    1.777350    -0.305241     1.947808     3.016033
    1.785684    -0.287666     1.923642     3.054328
    1.794017    -0.269739     1.897660     3.093537
    1.802350    -0.251415     1.870196     3.133073
    1.810684    -0.232704     1.841639     3.172340
    1.819017    -0.213671     1.812420     3.210759
    1.827350    -0.194448     1.783007     3.247774
    1.835684    -0.175233     1.753900     3.282868
    1.844017    -0.156292     1.725626     3.315563
    1.852350    -0.137954     1.698736     3.345429
    1.860684    -0.120612     1.673794     3.372086
    1.869017    -0.104704     1.651371     3.395203
    1.877350    -0.090701     1.632026     3.414500
    1.885684    -0.079083     1.616287     3.429750
    1.894017    -0.070316     1.604627     3.440774
    1.902350    -0.064815     1.597438     3.447443
    1.910684    -0.062923     1.595000     3.449676
