# kpath(in_2pi) band-levels(nkpoints_x_nbands)
         0.000000       -12.506585       -12.255947        -5.970510        -5.003806        -4.298874        -3.398966        -2.092329        -1.211038        -0.878845         1.924902         2.445528         3.656898         4.011710         5.929185         7.723651         8.028149
         0.004641       -12.510427       -12.257577        -5.966576        -4.999741        -4.296886        -3.397029        -2.090909        -1.213470        -0.883512         1.924279         2.441850         3.653800         4.010547         5.942177         7.724908         8.020070
         0.009281       -12.521900       -12.262451        -5.954852        -4.987582        -4.291008        -3.391226        -2.086657        -1.220775        -0.897261         1.922471         2.430991         3.644470         4.007050         5.980718         7.720492         7.996334
         0.013922       -12.540831       -12.270513        -5.935524        -4.967418        -4.281495        -3.381561        -2.079539        -1.232955        -0.919366         1.919671         2.413511         3.628868         4.001187         6.043601         7.706746         7.957070
         0.018563       -12.566957       -12.281680        -5.908910        -4.939417        -4.268782        -3.368072        -2.069529        -1.250020        -0.948639         1.916177         2.390213         3.606914         3.992904         6.128937         7.695434         7.906023
         0.023204       -12.599917       -12.295831        -5.875422        -4.903794        -4.253450        -3.350792        -2.056588        -1.271965        -0.983489         1.912372         2.362042         3.578534         3.982142         6.234248         7.681508         7.844879
         0.027844       -12.639265       -12.312798        -5.835596        -4.860824        -4.236238        -3.329737        -2.040659        -1.298754        -1.021996         1.908770         2.330008         3.543726         3.968837         6.356531         7.664342         7.776024
         0.032485       -12.684495       -12.332394        -5.790045        -4.810824        -4.218012        -3.304971        -2.021689        -1.330343        -1.061993         1.905888         2.295106         3.502505         3.952901         6.492173         7.639808         7.702039
         0.037126       -12.735054       -12.354410        -5.739506        -4.754178        -4.199724        -3.276547        -1.999628        -1.366643        -1.101159         1.904270         2.258239         3.455008         3.934245         6.636403         7.612739         7.626153
         0.041767       -12.790364       -12.378629        -5.684793        -4.691275        -4.182351        -3.244537        -1.974439        -1.407530        -1.137130         1.904424         2.220230         3.401462         3.912762         6.781942         7.553785         7.573124
         0.046407       -12.849808       -12.404813        -5.626844        -4.622580        -4.166797        -3.209026        -1.946100        -1.452815        -1.167601         1.906836         2.181826         3.342234         3.888340         6.914552         7.497009         7.518190
         0.051048       -12.912778       -12.432719        -5.566721        -4.548557        -4.153760        -3.170095        -1.914616        -1.502260        -1.190470         1.911949         2.143690         3.277806         3.860882         7.004219         7.446181         7.483463
         0.055689       -12.978667       -12.462085        -5.505681        -4.469703        -4.143594        -3.127870        -1.880039        -1.555581        -1.203939         1.920116         2.106492         3.208817         3.830284         7.017038         7.359092         7.544747
         0.060329       -13.046887       -12.492672        -5.445180        -4.386521        -4.136151        -3.082449        -1.842458        -1.612414        -1.206676         1.931622         2.070827         3.135982         3.796476         6.966319         7.259484         7.670286
         0.064970       -13.116855       -12.524217        -5.386970        -4.299547        -4.130628        -3.033970        -1.802040        -1.672342        -1.197888         1.946661         2.037322         3.060165         3.759402         6.885239         7.151924         7.790580
         0.069611       -13.188033       -12.556479        -5.333097        -4.209246        -4.125499        -2.982588        -1.759022        -1.734941        -1.177352         1.965341         2.006632         2.982305         3.719000         6.791202         7.039652         7.796213
         0.074251       -13.259879       -12.589211        -5.285910        -4.118538        -4.116138        -2.928480        -1.799718        -1.713753        -1.145458         1.979422         1.987668         2.903429         3.675268         6.691330         6.925136         7.688503
         0.078892       -13.331899       -12.622182        -5.247872        -4.107016        -4.020684        -2.871817        -1.866168        -1.666677        -1.103113         1.956388         2.013598         2.824612         3.628246         6.589064         6.810361         7.571401
         0.083533       -13.403628       -12.655163        -5.221279        -4.088129        -3.923350        -2.812831        -1.933781        -1.618392        -1.051703         1.938268         2.042969         2.747008         3.577988         6.486344         6.696705         7.455107
         0.088174       -13.474636       -12.687943        -5.207759        -4.059532        -3.824539        -2.751741        -2.002034        -1.569626        -0.992890         1.925829         2.075610         2.671801         3.524617         6.384419         6.585194         7.341839
         0.092814       -13.544506       -12.720322        -5.207889        -4.019891        -3.724645        -2.688824        -2.070410        -1.521258        -0.928616         1.919818         2.111241         2.600241         3.468309         6.284191         6.476634         7.232327
         0.097455       -13.612861       -12.752106        -5.221013        -3.969076        -3.623967        -2.624351        -2.138386        -1.474304        -0.860853         1.920993         2.149559         2.533576         3.409303         6.186312         6.371620         7.126893
         0.102096       -13.679352       -12.783118        -5.245495        -3.908045        -3.522818        -2.558669        -2.205475        -1.429937        -0.791633         1.930024         2.190186         2.473056         3.347894         6.091310         6.270648         7.025742
         0.106737       -13.743655       -12.813198        -5.279141        -3.838411        -3.421418        -2.492126        -2.271217        -1.389416        -0.722854         1.947467         2.232728         2.419887         3.284445         5.999566         6.174086         6.928967
         0.111377       -13.805455       -12.842179        -5.319602        -3.762086        -3.319981        -2.425122        -2.335142        -1.354065        -0.656254         1.973697         2.276735         2.375188         3.219400         5.911404         6.082265         6.836647
         0.116018       -13.864488       -12.869923        -5.364682        -3.680977        -3.218645        -2.396857        -2.358083        -1.325188        -0.593290         2.008837         2.321730         2.339894         3.153249         5.827046         5.995427         6.748788
         0.120658       -13.920497       -12.896293        -5.412435        -3.596916        -3.117557        -2.455950        -2.291513        -1.304017        -0.535131         2.052681         2.314694         2.367196         3.086581         5.746678         5.913801         6.665378
         0.125299       -13.973245       -12.921169        -5.461233        -3.511569        -3.016800        -2.512064        -2.225910        -1.291592        -0.482565         2.104693         2.299942         2.412590         3.020023         5.670423         5.837558         6.586329
         0.129940       -14.022515       -12.944437        -5.509709        -3.426469        -2.916498        -2.564855        -2.161866        -1.288715        -0.436056         2.163922         2.295560         2.457367         2.954305         5.598388         5.766864         6.511518
         0.134581       -14.068124       -12.966011        -5.556759        -3.343043        -2.816731        -2.614046        -2.099998        -1.295869        -0.395710         2.229076         2.301026         2.500941         2.890157         5.530636         5.701842         6.440734
         0.139221       -14.109888       -12.985790        -5.601462        -3.262651        -2.717609        -2.659342        -2.040958        -1.313175        -0.361384         2.298495         2.315293         2.542730         2.828416         5.467250         5.642620         6.373720
         0.143862       -14.147675       -13.003696        -5.643084        -3.186561        -2.700516        -2.619271        -1.985424        -1.340445        -0.332709         2.336877         2.370253         2.582123         2.769925         5.408316         5.589294         6.310158
         0.148503       -14.181332       -13.019660        -5.681008        -3.116004        -2.737346        -2.521917        -1.934126        -1.377158        -0.309198         2.363877         2.442163         2.618562         2.715559         5.354010         5.541967         6.249846
         0.153144       -14.210746       -13.033611        -5.714743        -3.052111        -2.769638        -2.425800        -1.887764        -1.422530        -0.290273         2.394103         2.511912         2.651476         2.666200         5.304603         5.500720         6.192763
         0.157784       -14.235804       -13.045508        -5.743896        -2.995991        -2.797227        -2.331337        -1.847058        -1.475524        -0.275389         2.425169         2.576953         2.622689         2.680340         5.260548         5.465642         6.139466
         0.162425       -14.256425       -13.055303        -5.768146        -2.948598        -2.819985        -2.239190        -1.812678        -1.534842        -0.264001         2.454688         2.585826         2.634819         2.704685         5.222491         5.436806         6.091242
         0.167066       -14.272538       -13.062959        -5.787254        -2.910781        -2.837803        -2.150595        -1.785233        -1.598616        -0.255659         2.480405         2.556331         2.683020         2.724074         5.191310         5.414289         6.050173
         0.171706       -14.284083       -13.068442        -5.801023        -2.883239        -2.850583        -2.068286        -1.765229        -1.663597        -0.249964         2.500349         2.534809         2.719348         2.738195         5.168003         5.398154         6.018621
         0.176347       -14.291022       -13.071741        -5.809333        -2.866500        -2.858277        -2.000067        -1.753062        -1.721574        -0.246661         2.512966         2.521703         2.741952         2.746769         5.153539         5.388451         5.998729
         0.180988       -14.293341       -13.072846        -5.812115        -2.860905        -2.860834        -1.969282        -1.748991        -1.748981        -0.245586         2.517265         2.517311         2.749612         2.749641         5.148629         5.385213         5.991929
         0.180988       -14.293341       -13.072846        -5.812115        -2.860905        -2.860834        -1.969282        -1.748991        -1.748981        -0.245586         2.517265         2.517311         2.749612         2.749641         5.148629         5.385213         5.991929
         0.186347       -14.290251       -13.071374        -5.808408        -2.868385        -2.857405        -2.009035        -1.754445        -1.713715        -0.247024         2.511520         2.523186         2.739410         2.745811         5.155166         5.389530         6.000976
         0.191706       -14.280999       -13.066978        -5.797338        -2.890636        -2.847161        -2.092731        -1.770868        -1.643464        -0.251458         2.494763         2.540720         2.709547         2.734359         5.174316         5.402463         6.027233
         0.197065       -14.265621       -13.059671        -5.779033        -2.927068        -2.830176        -2.190779        -1.798414        -1.567631        -0.259174         2.468459         2.569662         2.662253         2.715441         5.204884         5.423954         6.068220
         0.202423       -14.244189       -13.049489        -5.753722        -2.976736        -2.806604        -2.294597        -1.837254        -1.494536        -0.270651         2.434780         2.600697         2.609590         2.689329         5.245361         5.453919         6.120470
         0.207782       -14.216800       -13.036484        -5.721714        -3.038404        -2.776664        -2.401005        -1.887634        -1.427005        -0.286516         2.396389         2.528595         2.656442         2.659918         5.294356         5.492262         6.180601
         0.213141       -14.183575       -13.020718        -5.683455        -3.110553        -2.740648        -2.508251        -1.949692        -1.366299        -0.307538         2.356157         2.449700         2.617364         2.719914         5.350826         5.538871         6.246306
         0.218500       -14.144676       -13.002265        -5.639471        -3.191511        -2.698953        -2.615152        -2.023459        -1.313083        -0.334505         2.316825         2.367585         2.572909         2.788657         5.414121         5.593637         6.316649
         0.223859       -14.100281       -12.981218        -5.590446        -3.279436        -2.720768        -2.652092        -2.108755        -1.267676        -0.368188         2.280899         2.285354         2.524110         2.865109         5.483898         5.656445         6.391679
         0.229218       -14.050611       -12.957688        -5.537217        -3.372374        -2.824373        -2.600733        -2.205154        -1.230203        -0.409205         2.205523         2.250422         2.472325         2.948095         5.560014         5.727174         6.471848
         0.234577       -13.995883       -12.931785        -5.480803        -3.468233        -2.925373        -2.545716        -2.311892        -1.200629        -0.457861         2.129899         2.226998         2.419266         3.036381         5.642439         5.805691         6.557702
         0.239936       -13.936376       -12.903645        -5.422467        -3.564837        -3.023386        -2.488131        -2.427866        -1.178840        -0.514071         2.059460         2.211683         2.366999         3.128625         5.731173         5.891845         6.649693
         0.245294       -13.872404       -12.873417        -5.363766        -3.659853        -3.118288        -2.551578        -2.429381        -1.164674        -0.577157         1.994443         2.205035         2.317890         3.223431         5.826211         5.985460         6.748167
         0.250653       -13.804282       -12.841258        -5.306617        -3.750706        -3.210301        -2.681061        -2.371206        -1.157922        -0.645836         1.934512         2.207269         2.274392         3.319421         5.927536         6.086351         6.853391
         0.256012       -13.732385       -12.807342        -5.253349        -3.834567        -3.300192        -2.813714        -2.315842        -1.158370        -0.718078         1.879175         2.218209         2.238687         3.415211         6.035072         6.194288         6.965533
         0.261371       -13.657108       -12.771856        -5.206718        -3.908328        -3.389617        -2.946081        -2.266092        -1.165810        -0.791138         1.828340         2.212222         2.237442         3.509449         6.148692         6.309018         7.084707
         0.266730       -13.578901       -12.735015        -5.169735        -3.968788        -3.481497        -3.073482        -2.225397        -1.180044        -0.861582         1.782653         2.195401         2.264308         3.600817         6.268197         6.430256         7.210975
         0.272089       -13.498222       -12.697025        -5.145218        -4.013076        -3.580006        -3.189980        -2.197645        -1.200848        -0.925455         1.743554         2.187605         2.298055         3.688154         6.393302         6.557684         7.344349
         0.277448       -13.415579       -12.658112        -5.135019        -4.039400        -3.689322        -3.289802        -2.186859        -1.228009        -0.978712         1.713057         2.187427         2.337773         3.770395         6.523602         6.690956         7.484782
         0.282807       -13.331520       -12.618525        -5.139246        -4.047827        -3.810935        -3.369968        -2.196312        -1.261295        -1.018034         1.693325         2.193037         2.382452         3.846671         6.658520         6.829693         7.632138
         0.288166       -13.246621       -12.578511        -5.156015        -4.040496        -3.942652        -3.431291        -2.227557        -1.300444        -1.041701         1.686329         2.202471         2.430996         3.916364         6.797195         6.973472         7.786104
         0.293525       -13.161478       -12.538323        -5.181956        -4.080518        -4.021076        -3.476496        -2.279894        -1.345155        -1.050046         1.693458         2.213858         2.482230         3.979139         6.938334         7.121856         7.945929
         0.298884       -13.076736       -12.498246        -5.213134        -4.220786        -3.993827        -3.508225        -2.350744        -1.395093        -1.044977         1.715176         2.225637         2.534880         4.035000         7.079772         7.274330         8.108648
         0.304242       -12.993065       -12.458558        -5.245790        -4.360559        -3.962800        -3.528418        -2.436655        -1.449880        -1.028909         1.750661         2.236929         2.587576         4.084321         7.217644         7.430327         8.238229
         0.309601       -12.911146       -12.419563        -5.276692        -4.497700        -3.931432        -3.538414        -2.534213        -1.509078        -1.003920         1.797177         2.248063         2.638876         4.127818         7.344339         7.589191         8.177568
         0.314960       -12.831663       -12.381540        -5.303187        -4.630568        -3.902415        -3.539159        -2.640485        -1.572199        -0.971350         1.849153         2.261762         2.687315         4.166561         7.444192         7.750180         8.096970
         0.320319       -12.755302       -12.344775        -5.323160        -4.757874        -3.877724        -3.531401        -2.753133        -1.638702        -0.931905         1.896840         2.284658         2.731398         4.201865         7.490988         7.912417         8.063225
         0.325678       -12.682731       -12.309577        -5.334932        -4.878578        -3.858716        -3.515828        -2.870291        -1.707988        -0.885935         1.927114         2.326589         2.769778         4.235111         7.469754         8.074900         8.088066
         0.331037       -12.614588       -12.276232        -5.337176        -4.991793        -3.846236        -3.493087        -2.990386        -1.779387        -0.833715         1.930575         2.393921         2.801319         4.267649         7.401698         8.138774         8.236493
         0.336396       -12.551443       -12.245009        -5.328878        -5.096772        -3.840787        -3.463892        -3.111941        -1.852175        -0.775717         1.907732         2.483448         2.825282         4.300570         7.314908         8.169991         8.395931
         0.341755       -12.493808       -12.216181        -5.309309        -5.192896        -3.842818        -3.429062        -3.233312        -1.925532        -0.712781         1.864583         2.586910         2.841367         4.334522         7.225300         8.154955         8.551808
         0.347114       -12.442103       -12.189977        -5.279615        -5.278020        -3.853074        -3.389533        -3.352297        -1.998521        -0.646161         1.807162         2.696629         2.849813         4.369657         7.141157         8.095226         8.702541
         0.352473       -12.396661       -12.166608        -5.356502        -5.234882        -3.873282        -3.465539        -3.346463        -2.070061        -0.577610         1.740513         2.806429         2.851377         4.405553         7.067445         8.007577         8.846316
         0.357831       -12.357672       -12.146240        -5.423224        -5.180156        -3.906958        -3.567653        -3.301269        -2.138857        -0.509323         1.669212         2.847257         2.911263         4.441317         7.007837         7.906973         8.980940
         0.363190       -12.325224       -12.128994        -5.479547        -5.114641        -3.959042        -3.651523        -3.255745        -2.203309        -0.443957         1.597751         2.838986         3.006765         4.475684         6.965288         7.802536         9.103633
         0.368549       -12.299280       -12.114966        -5.525346        -5.040016        -4.031175        -3.712746        -3.212139        -2.261435        -0.384551         1.530725         2.828269         3.089184         4.507143         6.941910         7.699543         9.210957
         0.373908       -12.279698       -12.104173        -5.560606        -4.959568        -4.116426        -3.754158        -3.173232        -2.310808        -0.334335         1.472743         2.816920         3.155463         4.534104         6.938375         7.602026         9.298868
         0.379267       -12.266210       -12.096596        -5.585439        -4.879930        -4.201746        -3.781666        -3.142223        -2.348654        -0.296377         1.428077         2.806726         3.203467         4.555002         6.952392         7.515028         9.363486
         0.384626       -12.258453       -12.092148        -5.600057        -4.814876        -4.269623        -3.798723        -3.122249        -2.372318        -0.273017         1.400122         2.799435         3.232108         4.568413         6.975599         7.448270         9.402111
         0.389985       -12.255984       -12.090712        -5.604828        -4.788046        -4.296652        -3.805102        -3.115444        -2.380228        -0.265301         1.390730         2.796650         3.241449         4.573090         6.988939         7.420591         9.414500
         0.389985       -12.255984       -12.090712        -5.604828        -4.788046        -4.296652        -3.805102        -3.115444        -2.380228        -0.265301         1.390730         2.796650         3.241449         4.573090         6.988939         7.420591         9.414500
         0.392664       -12.256577       -12.091063        -5.603655        -4.795231        -4.289819        -3.803107        -3.117122        -2.378312        -0.267171         1.393055         2.797444         3.239178         4.571852         6.984321         7.428735         9.411590
         0.395343       -12.258293       -12.092086        -5.600201        -4.815497        -4.271359        -3.796414        -3.121984        -2.372772        -0.272565         1.399852         2.799938         3.232560         4.568117         6.970243         7.453198         9.403340
         0.398022       -12.261072       -12.093762        -5.594556        -4.846027        -4.245514        -3.783668        -3.129730        -2.364013        -0.281167         1.410833         2.804257         3.221847         4.561811         6.947677         7.492694         9.390335
         0.400701       -12.264838       -12.096047        -5.586796        -4.883768        -4.216992        -3.763255        -3.139980        -2.352475        -0.292587         1.425645         2.810572         3.207333         4.552898         6.918631         7.544997         9.373287
         0.403380       -12.269513       -12.098909        -5.577019        -4.926249        -4.189859        -3.733655        -3.152309        -2.338651        -0.306391         1.443860         2.819031         3.189326         4.541368         6.885068         7.607758         9.352894
         0.406059       -12.275031       -12.102308        -5.565329        -4.971717        -4.166923        -3.693887        -3.166302        -2.323043        -0.322152         1.465029         2.829754         3.168142         4.527234         6.848577         7.679123         9.329796
         0.408738       -12.281309       -12.106209        -5.551830        -5.018964        -4.149523        -3.643900        -3.181543        -2.306119        -0.339431         1.488686         2.842851         3.144106         4.510535         6.810239         7.757657         9.304605
         0.411417       -12.288274       -12.110569        -5.536642        -5.067163        -4.137732        -3.584540        -3.197659        -2.288326        -0.357811         1.514381         2.858424         3.117555         4.491328         6.770788         7.842231         9.277869
         0.414096       -12.295851       -12.115345        -5.519885        -5.115731        -4.130860        -3.517160        -3.214313        -2.270056        -0.376915         1.541670         2.876555         3.088808         4.469708         6.730802         7.931985         9.250067
         0.416776       -12.303970       -12.120498        -5.501690        -5.164258        -4.127979        -3.443206        -3.231213        -2.251656        -0.396415         1.570131         2.897305         3.058174         4.445784         6.690612         8.026184         9.221604
         0.419455       -12.312554       -12.125979        -5.482197        -5.212418        -4.128194        -3.363993        -3.248097        -2.233435        -0.416002         1.599369         2.920718         3.025978         4.419692         6.650495         8.124164         9.192831
         0.422134       -12.321532       -12.131752        -5.461550        -5.259976        -4.130775        -3.280595        -3.264739        -2.215649        -0.435443         1.629019         2.946814         2.992509         4.391592         6.610623         8.225303         9.164046
         0.424813       -12.330830       -12.137763        -5.439889        -5.306744        -4.135147        -3.280945        -3.193878        -2.198518        -0.454535         1.658747         2.958076         2.975611         4.361669         6.571189         8.329012         9.135497
         0.427492       -12.340387       -12.143976        -5.417375        -5.352565        -4.140877        -3.296553        -3.104551        -2.182231        -0.473136         1.688229         2.922943         3.007067         4.330103         6.532266         8.434573         9.107371
         0.430171       -12.350128       -12.150345        -5.397310        -5.394164        -4.147635        -3.311421        -3.013185        -2.166937        -0.491126         1.717181         2.887407         3.041149         4.297115         6.493957         8.541131         9.079836
         0.432850       -12.359991       -12.156823        -5.440863        -5.370412        -4.155165        -3.325426        -2.920272        -2.152753        -0.508436         1.745334         2.851740         3.077793         4.262931         6.456333         8.647442         9.053026
         0.435529       -12.369924       -12.163377        -5.483144        -5.346295        -4.163276        -3.338487        -2.826230        -2.139782        -0.525060         1.772425         2.816195         3.116868         4.227775         6.419444         8.751112         9.027004
         0.438208       -12.379847       -12.169953        -5.524041        -5.321970        -4.171794        -3.350493        -2.731459        -2.128079        -0.540980         1.798230         2.781079         3.158275         4.191925         6.383360         8.847099         9.001920
         0.440887       -12.389709       -12.176516        -5.563487        -5.297605        -4.180588        -3.361398        -2.636301        -2.117689        -0.556243         1.822519         2.746651         3.201843         4.155626         6.348120         8.921904         8.977731
         0.443566       -12.399449       -12.183022        -5.601410        -5.273363        -4.189547        -3.371147        -2.541092        -2.108626        -0.570916         1.845093         2.713195         3.247382         4.119151         6.313786         8.947855         8.954522
         0.446245       -12.409021       -12.189440        -5.637749        -5.249408        -4.198568        -3.379719        -2.446155        -2.100888        -0.585105         1.865741         2.680973         3.294637         4.082772         6.280367         8.917265         8.932184
         0.448924       -12.418370       -12.195729        -5.672441        -5.225899        -4.207562        -3.387103        -2.351803        -2.094450        -0.598933         1.884287         2.650263         3.343331         4.046781         6.247926         8.857372         8.910754
         0.451603       -12.427446       -12.201856        -5.705435        -5.202983        -4.216454        -3.393309        -2.258335        -2.089260        -0.612543         1.900577         2.621328         3.393123         4.011486         6.216509         8.786807         8.891139
         0.454282       -12.436210       -12.207785        -5.736674        -5.180816        -4.225162        -3.398359        -2.166085        -2.085271        -0.626115         1.914461         2.594408         3.443604         3.977205         6.186172         8.712535         8.779185
         0.456961       -12.444609       -12.213482        -5.766113        -5.159526        -4.233621        -3.402290        -2.082388        -2.075344        -0.639815         1.925875         2.569734         3.494277         3.944337         6.156996         8.637598         8.659844
         0.459640       -12.452605       -12.218921        -5.793706        -5.139246        -4.241777        -3.405172        -2.080522        -1.986438        -0.653841         1.934773         2.547474         3.544476         3.913360         6.129033         8.546914         8.563821
         0.462319       -12.460163       -12.224073        -5.819416        -5.120090        -4.249559        -3.407091        -2.079566        -1.899681        -0.668403         1.941188         2.527741         3.593253         3.884987         6.102384         8.438464         8.492311
         0.464998       -12.467248       -12.228912        -5.843205        -5.102159        -4.256920        -3.408141        -2.079399        -1.815403        -0.683696         1.945238         2.510575         3.639042         3.860498         6.077147         8.335144         8.423954
         0.467677       -12.473825       -12.233414        -5.865040        -5.085546        -4.263810        -3.408441        -2.079893        -1.733943        -0.699910         1.947125         2.495937         3.678796         3.842604         6.053434         8.237600         8.359497
         0.470357       -12.479865       -12.237557        -5.884890        -5.070326        -4.270189        -3.408108        -2.080906        -1.655650        -0.717216         1.947127         2.483710         3.706475         3.836959         6.031357         8.146427         8.299551
         0.473036       -12.485351       -12.241314        -5.902728        -5.056572        -4.276015        -3.407298        -2.082310        -1.580942        -0.735732         1.945620         2.473712         3.715885         3.849266         6.011065         8.062308         8.244641
         0.475715       -12.490240       -12.244675        -5.918523        -5.044334        -4.281237        -3.406117        -2.083958        -1.510230        -0.755502         1.942986         2.465705         3.710950         3.875157         5.992702         7.985894         8.195251
         0.478394       -12.494520       -12.247624        -5.932257        -5.033663        -4.285827        -3.404740        -2.085718        -1.444059        -0.776459         1.939641         2.459426         3.700229         3.905525         5.976388         7.917885         8.151753
         0.481073       -12.498174       -12.250139        -5.943910        -5.024583        -4.289765        -3.403289        -2.087456        -1.383128        -0.798337         1.936024         2.454627         3.688486         3.935080         5.962305         7.858912         8.114446
         0.483752       -12.501184       -12.252211        -5.953466        -5.017125        -4.293016        -3.401900        -2.089057        -1.328412        -0.820540         1.932494         2.451064         3.677730         3.961294         5.950572         7.809655         8.083597
         0.486431       -12.503542       -12.253839        -5.960914        -5.011307        -4.295569        -3.400697        -2.090419        -1.281354        -0.841959         1.929383         2.448513         3.668842         3.982774         5.941300         7.770622         8.059397
         0.489110       -12.505228       -12.255009        -5.966242        -5.007145        -4.297399        -3.399763        -2.091457        -1.244118        -0.860683         1.926959         2.446816         3.662269         3.998674         5.934595         7.742388         8.042026
         0.491789       -12.506246       -12.255711        -5.969441        -5.004644        -4.298505        -3.399172        -2.092105        -1.219659        -0.873959         1.925426         2.445847         3.658251         4.008425         5.930543         7.725274         8.031547
         0.494468       -12.506586       -12.255946        -5.970509        -5.003809        -4.298877        -3.398969        -2.092327        -1.211038        -0.878844         1.924903         2.445530         3.656898         4.011710         5.929185         7.719526         8.028043
         0.494468       -12.506586       -12.255946        -5.970509        -5.003809        -4.298877        -3.398969        -2.092327        -1.211038        -0.878844         1.924903         2.445530         3.656898         4.011710         5.929185         7.719526         8.028043
         0.497147       -12.506246       -12.255711        -5.969441        -5.004644        -4.298505        -3.399172        -2.092105        -1.219659        -0.873959         1.925426         2.445847         3.658251         4.008425         5.930543         7.725274         8.031547
         0.499826       -12.505228       -12.255009        -5.966242        -5.007145        -4.297399        -3.399763        -2.091457        -1.244118        -0.860683         1.926959         2.446816         3.662269         3.998674         5.934595         7.742388         8.042026
         0.502505       -12.503542       -12.253839        -5.960914        -5.011307        -4.295569        -3.400697        -2.090419        -1.281354        -0.841959         1.929383         2.448513         3.668842         3.982774         5.941300         7.770622         8.059397
         0.505184       -12.501184       -12.252211        -5.953466        -5.017125        -4.293016        -3.401900        -2.089057        -1.328412        -0.820540         1.932494         2.451064         3.677730         3.961294         5.950572         7.809655         8.083597
         0.507863       -12.498174       -12.250139        -5.943910        -5.024583        -4.289765        -3.403289        -2.087456        -1.383128        -0.798337         1.936024         2.454627         3.688486         3.935080         5.962305         7.858912         8.114446
         0.510542       -12.494520       -12.247624        -5.932257        -5.033663        -4.285827        -3.404740        -2.085718        -1.444059        -0.776459         1.939641         2.459426         3.700229         3.905525         5.976388         7.917885         8.151753
         0.513222       -12.490240       -12.244675        -5.918523        -5.044334        -4.281237        -3.406117        -2.083958        -1.510230        -0.755502         1.942986         2.465705         3.710950         3.875157         5.992702         7.985894         8.195251
         0.515901       -12.485351       -12.241314        -5.902728        -5.056572        -4.276015        -3.407298        -2.082310        -1.580942        -0.735732         1.945620         2.473712         3.715885         3.849266         6.011065         8.062308         8.244641
         0.518580       -12.479865       -12.237557        -5.884890        -5.070326        -4.270189        -3.408108        -2.080906        -1.655650        -0.717216         1.947127         2.483710         3.706475         3.836959         6.031357         8.146427         8.299551
         0.521259       -12.473825       -12.233414        -5.865040        -5.085546        -4.263810        -3.408441        -2.079893        -1.733943        -0.699910         1.947125         2.495937         3.678796         3.842604         6.053434         8.237600         8.359497
         0.523938       -12.467248       -12.228912        -5.843205        -5.102159        -4.256920        -3.408141        -2.079399        -1.815403        -0.683696         1.945238         2.510575         3.639042         3.860498         6.077147         8.335144         8.423954
         0.526617       -12.460163       -12.224073        -5.819416        -5.120090        -4.249559        -3.407091        -2.079566        -1.899681        -0.668403         1.941188         2.527741         3.593253         3.884987         6.102384         8.438464         8.492310
         0.529296       -12.452605       -12.218921        -5.793706        -5.139246        -4.241777        -3.405172        -2.080522        -1.986438        -0.653841         1.934773         2.547474         3.544476         3.913360         6.129033         8.546911         8.563823
         0.531975       -12.444609       -12.213482        -5.766113        -5.159526        -4.233621        -3.402290        -2.082388        -2.075344        -0.639815         1.925875         2.569734         3.494277         3.944337         6.156996         8.637598         8.659855
         0.534654       -12.436210       -12.207785        -5.736674        -5.180816        -4.225162        -3.398359        -2.166085        -2.085271        -0.626115         1.914461         2.594408         3.443604         3.977205         6.186172         8.712554         8.781127
         0.537333       -12.427446       -12.201856        -5.705435        -5.202983        -4.216454        -3.393309        -2.258335        -2.089260        -0.612543         1.900577         2.621328         3.393123         4.011486         6.216509         8.786877         8.888196
         0.540012       -12.418370       -12.195729        -5.672441        -5.225899        -4.207562        -3.387103        -2.351803        -2.094450        -0.598933         1.884287         2.650263         3.343331         4.046781         6.247926         8.857395         8.910247
         0.542691       -12.409021       -12.189440        -5.637749        -5.249408        -4.198568        -3.379719        -2.446155        -2.100888        -0.585105         1.865741         2.680973         3.294637         4.082772         6.280367         8.917192         8.932200
         0.545370       -12.399449       -12.183022        -5.601410        -5.273363        -4.189547        -3.371147        -2.541092        -2.108626        -0.570916         1.845093         2.713195         3.247382         4.119151         6.313786         8.947869         8.954528
         0.548049       -12.389709       -12.176516        -5.563487        -5.297605        -4.180588        -3.361398        -2.636301        -2.117689        -0.556243         1.822519         2.746651         3.201843         4.155626         6.348120         8.921863         8.977757
         0.550728       -12.379847       -12.169953        -5.524041        -5.321970        -4.171794        -3.350493        -2.731459        -2.128079        -0.540980         1.798230         2.781079         3.158275         4.191925         6.383360         8.847132         9.001911
         0.553407       -12.369924       -12.163377        -5.483144        -5.346295        -4.163276        -3.338487        -2.826230        -2.139782        -0.525060         1.772425         2.816195         3.116868         4.227775         6.419444         8.751115         9.027049
         0.556087       -12.359991       -12.156823        -5.440863        -5.370412        -4.155165        -3.325426        -2.920272        -2.152753        -0.508436         1.745334         2.851740         3.077793         4.262931         6.456333         8.647442         9.053026
         0.558766       -12.350128       -12.150345        -5.397310        -5.394164        -4.147635        -3.311421        -3.013185        -2.166937        -0.491126         1.717181         2.887407         3.041149         4.297115         6.493957         8.541131         9.079835
         0.561445       -12.340387       -12.143976        -5.417375        -5.352565        -4.140877        -3.296553        -3.104551        -2.182231        -0.473136         1.688229         2.922943         3.007067         4.330103         6.532266         8.434573         9.107372
         0.564124       -12.330830       -12.137763        -5.439889        -5.306744        -4.135147        -3.280945        -3.193878        -2.198518        -0.454535         1.658747         2.958076         2.975611         4.361669         6.571189         8.329012         9.135497
         0.566803       -12.321532       -12.131752        -5.461550        -5.259976        -4.130775        -3.280595        -3.264739        -2.215649        -0.435443         1.629019         2.946814         2.992509         4.391592         6.610623         8.225303         9.164046
         0.569482       -12.312554       -12.125979        -5.482197        -5.212418        -4.128194        -3.363993        -3.248097        -2.233435        -0.416002         1.599369         2.920718         3.025978         4.419692         6.650495         8.124164         9.192831
         0.572161       -12.303970       -12.120498        -5.501690        -5.164258        -4.127979        -3.443206        -3.231213        -2.251656        -0.396415         1.570131         2.897305         3.058174         4.445784         6.690612         8.026184         9.221604
         0.574840       -12.295851       -12.115345        -5.519885        -5.115731        -4.130860        -3.517160        -3.214313        -2.270056        -0.376915         1.541670         2.876555         3.088808         4.469708         6.730802         7.931985         9.250067
         0.577519       -12.288274       -12.110569        -5.536642        -5.067163        -4.137732        -3.584540        -3.197659        -2.288326        -0.357811         1.514381         2.858424         3.117555         4.491328         6.770788         7.842231         9.277868
         0.580198       -12.281309       -12.106209        -5.551830        -5.018964        -4.149523        -3.643900        -3.181543        -2.306119        -0.339431         1.488686         2.842851         3.144106         4.510535         6.810239         7.757657         9.304605
         0.582877       -12.275031       -12.102308        -5.565329        -4.971717        -4.166923        -3.693887        -3.166302        -2.323043        -0.322152         1.465029         2.829754         3.168142         4.527234         6.848577         7.679123         9.329796
         0.585556       -12.269513       -12.098909        -5.577019        -4.926249        -4.189859        -3.733655        -3.152309        -2.338651        -0.306391         1.443860         2.819031         3.189326         4.541368         6.885068         7.607758         9.352894
         0.588235       -12.264838       -12.096047        -5.586796        -4.883768        -4.216992        -3.763255        -3.139980        -2.352475        -0.292587         1.425645         2.810572         3.207333         4.552898         6.918631         7.544997         9.373287
         0.590914       -12.261072       -12.093762        -5.594556        -4.846027        -4.245514        -3.783668        -3.129730        -2.364013        -0.281167         1.410833         2.804257         3.221847         4.561811         6.947677         7.492694         9.390335
         0.593593       -12.258293       -12.092086        -5.600201        -4.815497        -4.271359        -3.796414        -3.121984        -2.372772        -0.272565         1.399852         2.799938         3.232560         4.568117         6.970243         7.453198         9.403340
         0.596272       -12.256577       -12.091063        -5.603655        -4.795231        -4.289819        -3.803107        -3.117122        -2.378312        -0.267171         1.393055         2.797444         3.239178         4.571852         6.984321         7.428735         9.411590
         0.598951       -12.255984       -12.090712        -5.604828        -4.788046        -4.296652        -3.805102        -3.115444        -2.380228        -0.265301         1.390730         2.796650         3.241449         4.573090         6.988939         7.420591         9.414500
