# k-path (fractional)    E1 (eV)    E2 (eV)    E3 (eV)
# path: M → Γ → K → M' → K'
# Symmetry points: M=0, Γ=0.577350, K=1.244017, M'=1.577350, K'=1.910684

# H at Gamma (0,0):
# (-0.058000+0.000000i) (0.000000+0.000000i) (0.000000+0.000000i) 
# (0.000000+0.000000i) (2.929000+0.000000i) (0.000000+0.000000i) 
# (0.000000+0.000000i) (0.000000+0.000000i) (2.929000+0.000000i) 

# H at K (2/3,1/3):
# (0.090083-0.000000i) (0.163593-0.747485i) (-0.121649+0.373687i) 
# (0.163593+0.747485i) (2.799025-0.000000i) (0.025975+0.006045i) 
# (-0.121649-0.373687i) (0.025975-0.006045i) (2.837655+0.000000i) 

# TB_Gamma_VBM =    -0.058000
    0.000000    -0.568033     2.151000     3.489033
    0.014434    -0.567929     2.152199     3.488852
    0.028868    -0.567607     2.155789     3.488300
    0.043301    -0.567038     2.161748     3.487347
    0.057735    -0.566173     2.170039     3.485949
    0.072169    -0.564946     2.180611     3.484043
    0.086603    -0.563275     2.193398     3.481550
    0.101036    -0.561067     2.208323     3.478383
    0.115470    -0.558217     2.225292     3.474442
    0.129904    -0.554613     2.244202     3.469623
    0.144338    -0.550140     2.264935     3.463818
    0.158771    -0.544682     2.287365     3.456918
    0.173205    -0.538126     2.311352     3.448821
    0.187639    -0.530367     2.336748     3.439430
    0.202073    -0.521308     2.363398     3.428658
    0.216506    -0.510867     2.391136     3.416434
    0.230940    -0.498976     2.419792     3.402702
    0.245374    -0.485590     2.449190     3.387426
    0.259808    -0.470683     2.479147     3.370594
    0.274241    -0.454255     2.509479     3.352216
    0.288675    -0.436332     2.540000     3.332332
    0.303109    -0.416970     2.570521     3.311009
    0.317543    -0.396254     2.600853     3.288344
    0.331976    -0.374302     2.630810     3.264466
    0.346410    -0.351262     2.660208     3.239537
    0.360844    -0.327318     2.688864     3.213751
    0.375278    -0.302684     2.716602     3.187334
    0.389711    -0.277607     2.743252     3.160545
    0.404145    -0.252366     2.768648     3.133671
    0.418579    -0.227265     2.792635     3.107029
    0.433013    -0.202633     2.815065     3.080956
    0.447446    -0.178820     2.835798     3.055810
    0.461880    -0.156186     2.854708     3.031961
    0.476314    -0.135099     2.871677     3.009783
    0.490748    -0.115921     2.886602     2.989646
    0.505181    -0.099001     2.899389     2.971904
    0.519615    -0.084661     2.909961     2.956884
    0.534049    -0.073185     2.918252     2.944876
    0.548483    -0.064810     2.924211     2.936118
    0.562917    -0.059712     2.927801     2.930789
    0.577350    -0.058000     2.929000     2.929000
    0.577350    -0.058000     2.929000     2.929000
    0.594017    -0.060281     2.927405     2.931380
    0.610684    -0.067058     2.922682     2.938405
    0.627350    -0.078141     2.915009     2.949743
    0.644017    -0.093230     2.904683     2.964857
    0.660684    -0.111936     2.892106     2.983044
    0.677350    -0.133814     2.877778     3.003462
    0.694017    -0.158385     2.862283     3.025177
    0.710684    -0.185157     2.846275     3.047195
    0.727350    -0.213650     2.830452     3.068501
    0.744017    -0.243396     2.815543     3.088086
    0.760684    -0.273950     2.802275     3.104977
    0.777350    -0.304885     2.791355     3.118253
    0.794017    -0.335784     2.783438     3.127067
    0.810684    -0.366232     2.779106     3.130656
    0.827350    -0.395806     2.778842     3.128351
    0.844017    -0.424065     2.783012     3.119593
    0.860684    -0.450546     2.791844     3.103936
    0.877350    -0.474763     2.805407     3.081069
    0.894017    -0.496206     2.823577     3.050851
    0.910684    -0.514354     2.845903     3.013451
    0.927350    -0.528683     2.870825     2.970134
    0.944017    -0.538683     2.885178     2.933775
    0.960684    -0.543875     2.843300     2.949768
    0.977350    -0.543834     2.778300     2.984775
    0.994017    -0.538205     2.704867     3.023932
    1.010684    -0.526733     2.625013     3.065135
    1.027350    -0.509280     2.539783     3.107346
    1.044017    -0.485852     2.450155     3.149723
    1.060684    -0.456629     2.357189     3.191487
    1.077350    -0.421991     2.262083     3.231908
    1.094017    -0.382554     2.166200     3.270302
    1.110684    -0.339209     2.071100     3.306038
    1.127350    -0.293162     1.978571     3.338556
    1.144017    -0.245976     1.890660     3.367371
    1.160684    -0.199600     1.809687     3.392086
    1.177350    -0.156348     1.738220     3.412405
    1.194017    -0.118813     1.678976     3.428139
    1.210684    -0.089634     1.634581     3.439219
    1.227350    -0.071122     1.607187     3.445706
    1.244017    -0.064800     1.598000     3.447800
    1.244017    -0.064800     1.598000     3.447800
    1.252350    -0.066373     1.600256     3.447302
    1.260684    -0.071030     1.606908     3.445848
    1.269017    -0.078622     1.617720     3.443507
    1.277350    -0.088936     1.632384     3.440357
    1.285684    -0.101711     1.650529     3.436487
    1.294017    -0.116651     1.671742     3.431997
    1.302350    -0.133444     1.695579     3.426996
    1.310684    -0.151771     1.721581     3.421603
    1.319017    -0.171320     1.749286     3.415948
    1.327350    -0.191792     1.778238     3.410167
    1.335684    -0.212909     1.807991     3.404407
    1.344017    -0.234415     1.838116     3.398818
    1.352350    -0.256078     1.868209     3.393552
    1.360684    -0.277692     1.897888     3.388763
    1.369017    -0.299076     1.926799     3.384602
    1.377350    -0.320073     1.954621     3.381211
    1.385684    -0.340547     1.981070     3.378718
    1.394017    -0.360383     2.005898     3.377235
    1.402350    -0.379486     2.028901     3.376850
    1.410684    -0.397778     2.049923     3.377622
    1.419017    -0.415196     2.068855     3.379576
    1.427350    -0.431694     2.085639     3.382706
    1.435684    -0.447236     2.100268     3.386964
    1.444017    -0.461800     2.112780     3.392271
    1.452350    -0.475372     2.123260     3.398513
    1.460684    -0.487948     2.131830     3.405547
    1.469017    -0.499531     2.138643     3.413207
    1.477350    -0.510132     2.143878     3.421311
    1.485684    -0.519765     2.147726     3.429667
    1.494017    -0.528450     2.150390     3.438079
    1.502350    -0.536207     2.152074     3.446353
    1.510684    -0.543061     2.152977     3.454304
    1.519017    -0.549037     2.153286     3.461757
    1.527350    -0.554157     2.153178     3.468553
    1.535684    -0.558446     2.152807     3.474551
    1.544017    -0.561923     2.152313     3.479628
    1.552350    -0.564608     2.151807     3.483682
    1.560684    -0.566515     2.151380     3.486636
    1.569017    -0.567654     2.151098     3.488431
    1.577350    -0.568033     2.151000     3.489033
    1.577350    -0.568033     2.151000     3.489033
    1.585684    -0.567654     2.151098     3.488431
    1.594017    -0.566515     2.151380     3.486636
    1.602350    -0.564608     2.151807     3.483682
    1.610684    -0.561923     2.152313     3.479628
    1.619017    -0.558446     2.152807     3.474551
    1.627350    -0.554157     2.153178     3.468553
    1.635684    -0.549037     2.153286     3.461757
    1.644017    -0.543061     2.152977     3.454304
    1.652350    -0.536207     2.152074     3.446353
    1.660684    -0.528450     2.150390     3.438079
    1.669017    -0.519765     2.147726     3.429667
    1.677350    -0.510132     2.143878     3.421311
    1.685684    -0.499531     2.138643     3.413207
    1.694017    -0.487948     2.131830     3.405547
    1.702350    -0.475372     2.123260     3.398513
    1.710684    -0.461800     2.112780     3.392271
    1.719017    -0.447236     2.100268     3.386964
    1.727350    -0.431694     2.085639     3.382706
    1.735684    -0.415196     2.068855     3.379576
    1.744017    -0.397778     2.049923     3.377622
    1.752350    -0.379486     2.028901     3.376850
    1.760684    -0.360383     2.005898     3.377235
    1.769017    -0.340547     1.981070     3.378718
    1.777350    -0.320073     1.954621     3.381211
    1.785684    -0.299076     1.926799     3.384602
    1.794017    -0.277692     1.897888     3.388763
    1.802350    -0.256078     1.868209     3.393552
    1.810684    -0.234415     1.838116     3.398818
    1.819017    -0.212909     1.807991     3.404407
    1.827350    -0.191792     1.778238     3.410167
    1.835684    -0.171320     1.749286     3.415948
    1.844017    -0.151771     1.721581     3.421603
    1.852350    -0.133444     1.695579     3.426996
    1.860684    -0.116651     1.671742     3.431997
    1.869017    -0.101711     1.650529     3.436487
    1.877350    -0.088936     1.632384     3.440357
    1.885684    -0.078622     1.617720     3.443507
    1.894017    -0.071030     1.606908     3.445848
    1.902350    -0.066373     1.600256     3.447302
    1.910684    -0.064800     1.598000     3.447800
